65.0
77.0
55.666666666666664
82.66666666666667
43.666666666666664
56.0
70.33333333333333
63.333333333333336
85.0
67.66666666666667
37.666666666666664
49.666666666666664
54.666666666666664
63.666666666666664
53.0
64.0
55.333333333333336
62.333333333333336
56.666666666666664
67.33333333333333
58.0
58.666666666666664
70.33333333333333
71.66666666666667
67.0
73.0
69.66666666666667
55.666666666666664
38.666666666666664
70.33333333333333
53.0
73.0
88.0
83.66666666666667
63.333333333333336
53.0
64.66666666666667
53.333333333333336
47.0
66.66666666666667
61.0
84.0
57.666666666666664
41.0
55.666666666666664
58.0
72.0
55.666666666666664
39.0
59.333333333333336
91.0
55.333333333333336
62.333333333333336
66.66666666666667
68.33333333333333
43.0
65.0
55.333333333333336
56.333333333333336
45.333333333333336
65.66666666666667
66.66666666666667
53.0
60.84126984126981 60.95238095238094 63.285714285714285
